-1.0554306820800707 0 0 0 0 0 0 0 0 
0.08161970009041773 3 0 0 0 0 0 0 0 
0.05634048336006239 0 3 0 0 0 0 0 0 
0.02007839391563472 0 0 3 0 0 0 0 0 
-0.01694540183568953 0 0 0 3 0 0 0 0 
0.08161970009041768 0 0 0 0 3 0 0 0 
0.05634048336006245 0 0 0 0 0 3 0 0 
0.02007839391563475 0 0 0 0 0 0 3 0 
-0.016945401835689593 0 0 0 0 0 0 0 3 
0.03861576966081297 3 3 0 0 0 0 0 0 
0.005271935535839869 1 3 1 0 0 0 0 0 
0.005271935535839869 2 3 2 0 0 0 0 0 
0.04859101665498222 3 0 3 0 0 0 0 0 
0.05965093095394515 3 0 0 3 0 0 0 0 
0.0876204527397454 3 0 0 0 3 0 0 0 
0.07977666782505977 3 0 0 0 0 3 0 0 
0.08053638725323242 3 0 0 0 0 0 3 0 
0.09048764655400944 3 0 0 0 0 0 0 3 
0.047351931781933206 0 3 3 0 0 0 0 0 
0.006534747723339118 0 1 3 1 0 0 0 0 
0.006534747723339118 0 2 3 2 0 0 0 0 
0.049609913287679136 0 3 0 3 0 0 0 0 
0.07977666782505977 0 3 0 0 3 0 0 0 
0.0830855959206668 0 3 0 0 0 3 0 0 
0.0837496949967316 0 3 0 0 0 0 3 0 
0.08260407015747354 0 3 0 0 0 0 0 3 
0.039966435542128816 0 0 3 3 0 0 0 0 
0.08053638725323242 0 0 3 0 3 0 0 0 
0.0837496949967316 0 0 3 0 0 3 0 0 
0.08535146472625778 0 0 3 0 0 0 3 0 
0.08367575757737811 0 0 3 0 0 0 0 3 
0.09048764655400944 0 0 0 3 3 0 0 0 
0.08260407015747354 0 0 0 3 0 3 0 0 
0.08367575757737811 0 0 0 3 0 0 3 0 
0.09450499680181908 0 0 0 3 0 0 0 3 
0.03861576966081297 0 0 0 0 3 3 0 0 
0.005271935535839864 0 0 0 0 1 3 1 0 
0.005271935535839864 0 0 0 0 2 3 2 0 
0.04859101665498222 0 0 0 0 3 0 3 0 
0.05965093095394515 0 0 0 0 3 0 0 3 
0.047351931781933206 0 0 0 0 0 3 3 0 
0.0065347477233391165 0 0 0 0 0 1 3 1 
0.0065347477233391165 0 0 0 0 0 2 3 2 
0.049609913287679136 0 0 0 0 0 3 0 3 
0.039966435542128816 0 0 0 0 0 0 3 3 
-0.007360412411222974 3 1 3 1 0 0 0 0 
-0.007360412411222974 3 2 3 2 0 0 0 0 
0.013069602351745941 1 0 1 0 0 0 0 0 
0.013069602351745941 2 0 2 0 0 0 0 0 
-0.016093938202077412 1 1 1 1 0 0 0 0 
-0.009825848011424228 1 1 2 2 0 0 0 0 
-0.006268090190653185 1 2 2 1 0 0 0 0 
-0.006268090190653185 2 1 1 2 0 0 0 0 
-0.009825848011424228 2 2 1 1 0 0 0 0 
-0.016093938202077412 2 2 2 2 0 0 0 0 
0.007382157393961312 1 3 1 3 0 0 0 0 
0.007382157393961312 2 3 2 3 0 0 0 0 
0.014404563580827843 3 0 0 0 1 3 1 0 
0.014404563580827843 3 0 0 0 2 3 2 0 
0.0411608981642468 1 1 0 0 1 1 0 0 
0.0411608981642468 1 1 0 0 2 2 0 0 
0.0411608981642468 2 2 0 0 1 1 0 0 
0.0411608981642468 2 2 0 0 2 2 0 0 
0.007599787730279972 1 1 0 0 1 3 3 1 
0.007599787730279972 1 1 0 0 2 3 3 2 
0.007599787730279972 2 2 0 0 1 3 3 1 
0.007599787730279972 2 2 0 0 2 3 3 2 
0.014404563580827845 1 3 1 0 3 0 0 0 
0.014404563580827845 2 3 2 0 3 0 0 0 
0.0319453705982502 1 3 1 0 1 3 1 0 
0.0319453705982502 1 3 1 0 2 3 2 0 
0.0319453705982502 2 3 2 0 1 3 1 0 
0.0319453705982502 2 3 2 0 2 3 2 0 
0.00759978773027997 1 3 3 1 1 1 0 0 
0.00759978773027997 1 3 3 1 2 2 0 0 
0.00759978773027997 2 3 3 2 1 1 0 0 
0.00759978773027997 2 3 3 2 2 2 0 0 
0.03083671560006429 1 3 3 1 1 3 3 1 
0.03083671560006429 1 3 3 1 2 3 3 2 
0.03083671560006429 2 3 3 2 1 3 3 1 
0.03083671560006429 2 3 3 2 2 3 3 2 
-0.014960200141502948 3 0 0 0 0 1 3 1 
-0.014960200141502948 3 0 0 0 0 2 3 2 
0.0174264194374622 1 1 0 0 0 1 1 0 
0.0174264194374622 1 1 0 0 0 2 2 0 
0.0174264194374622 2 2 0 0 0 1 1 0 
0.0174264194374622 2 2 0 0 0 2 2 0 
-0.004356817085716259 1 3 1 0 0 3 0 0 
-0.004356817085716259 2 3 2 0 0 3 0 0 
-0.032255855769663 1 3 1 0 0 1 3 1 
-0.032255855769663 1 3 1 0 0 2 3 2 
-0.032255855769663 2 3 2 0 0 1 3 1 
-0.032255855769663 2 3 2 0 0 2 3 2 
-0.025987765579009812 1 3 3 1 0 1 1 0 
-0.025987765579009812 1 3 3 1 0 2 2 0 
-0.025987765579009812 2 3 3 2 0 1 1 0 
-0.025987765579009812 2 3 3 2 0 2 2 0 
-0.04208170378108722 1 1 0 0 0 0 1 1 
-0.04208170378108722 1 1 0 0 0 0 2 2 
-0.04208170378108722 2 2 0 0 0 0 1 1 
-0.04208170378108722 2 2 0 0 0 0 2 2 
-0.004476028948802554 1 3 1 0 0 0 3 0 
-0.004476028948802554 2 3 2 0 0 0 3 0 
-0.007557127814703886 1 3 3 1 0 0 1 1 
-0.007557127814703886 1 3 3 1 0 0 2 2 
-0.007557127814703886 2 3 3 2 0 0 1 1 
-0.007557127814703886 2 3 3 2 0 0 2 2 
0.014939285208665198 1 3 1 0 0 0 0 3 
0.014939285208665198 2 3 2 0 0 0 0 3 
-0.01378606190166208 0 1 0 1 0 0 0 0 
-0.01378606190166208 0 2 0 2 0 0 0 0 
-0.004356817085716259 0 3 0 0 1 3 1 0 
-0.004356817085716259 0 3 0 0 2 3 2 0 
0.0174264194374622 0 1 1 0 1 1 0 0 
0.0174264194374622 0 1 1 0 2 2 0 0 
0.0174264194374622 0 2 2 0 1 1 0 0 
0.0174264194374622 0 2 2 0 2 2 0 0 
-0.025987765579009812 0 1 1 0 1 3 3 1 
-0.025987765579009812 0 1 1 0 2 3 3 2 
-0.025987765579009812 0 2 2 0 1 3 3 1 
-0.025987765579009812 0 2 2 0 2 3 3 2 
-0.014960200141502948 0 1 3 1 3 0 0 0 
-0.014960200141502948 0 2 3 2 3 0 0 0 
-0.032255855769663 0 1 3 1 1 3 1 0 
-0.032255855769663 0 1 3 1 2 3 2 0 
-0.032255855769663 0 2 3 2 1 3 1 0 
-0.032255855769663 0 2 3 2 2 3 2 0 
0.003771177465102167 0 3 0 0 0 1 3 1 
0.003771177465102167 0 3 0 0 0 2 3 2 
0.03639776321479839 0 1 1 0 0 1 1 0 
0.03639776321479839 0 1 1 0 0 2 2 0 
0.03639776321479839 0 2 2 0 0 1 1 0 
0.03639776321479839 0 2 2 0 0 2 2 0 
0.0037711774651021665 0 1 3 1 0 3 0 0 
0.0037711774651021665 0 2 3 2 0 3 0 0 
0.0329941568697944 0 1 3 1 0 1 3 1 
0.0329941568697944 0 1 3 1 0 2 3 2 
0.0329941568697944 0 2 3 2 0 1 3 1 
0.0329941568697944 0 2 3 2 0 2 3 2 
-0.018194810734217533 0 1 1 0 0 0 1 1 
-0.018194810734217533 0 1 1 0 0 0 2 2 
-0.018194810734217533 0 2 2 0 0 0 1 1 
-0.018194810734217533 0 2 2 0 0 0 2 2 
0.004408748832555455 0 1 3 1 0 0 3 0 
0.004408748832555455 0 2 3 2 0 0 3 0 
-0.01570686946207207 0 1 3 1 0 0 0 3 
-0.01570686946207207 0 2 3 2 0 0 0 3 
-0.004476028948802554 0 0 3 0 1 3 1 0 
-0.004476028948802554 0 0 3 0 2 3 2 0 
-0.04208170378108722 0 0 1 1 1 1 0 0 
-0.04208170378108722 0 0 1 1 2 2 0 0 
-0.04208170378108722 0 0 2 2 1 1 0 0 
-0.04208170378108722 0 0 2 2 2 2 0 0 
-0.007557127814703886 0 0 1 1 1 3 3 1 
-0.007557127814703886 0 0 1 1 2 3 3 2 
-0.007557127814703886 0 0 2 2 1 3 3 1 
-0.007557127814703886 0 0 2 2 2 3 3 2 
0.004408748832555455 0 0 3 0 0 1 3 1 
0.004408748832555455 0 0 3 0 0 2 3 2 
-0.018194810734217533 0 0 1 1 0 1 1 0 
-0.018194810734217533 0 0 1 1 0 2 2 0 
-0.018194810734217533 0 0 2 2 0 1 1 0 
-0.018194810734217533 0 0 2 2 0 2 2 0 
0.043709322035249284 0 0 1 1 0 0 1 1 
0.043709322035249284 0 0 1 1 0 0 2 2 
0.043709322035249284 0 0 2 2 0 0 1 1 
0.043709322035249284 0 0 2 2 0 0 2 2 
0.014939285208665198 0 0 0 3 1 3 1 0 
0.014939285208665198 0 0 0 3 2 3 2 0 
-0.01570686946207207 0 0 0 3 0 1 3 1 
-0.01570686946207207 0 0 0 3 0 2 3 2 
-0.007360412411222974 0 0 0 0 3 1 3 1 
-0.007360412411222974 0 0 0 0 3 2 3 2 
0.013069602351745941 0 0 0 0 1 0 1 0 
0.013069602351745941 0 0 0 0 2 0 2 0 
-0.016093938202077412 0 0 0 0 1 1 1 1 
-0.009825848011424228 0 0 0 0 1 1 2 2 
-0.006268090190653185 0 0 0 0 1 2 2 1 
-0.006268090190653185 0 0 0 0 2 1 1 2 
-0.009825848011424228 0 0 0 0 2 2 1 1 
-0.016093938202077412 0 0 0 0 2 2 2 2 
0.007382157393961312 0 0 0 0 1 3 1 3 
0.007382157393961312 0 0 0 0 2 3 2 3 
-0.01378606190166208 0 0 0 0 0 1 0 1 
-0.01378606190166208 0 0 0 0 0 2 0 2 
